   2.7041270e+03
   2.6042162e+03
   1.2229517e+03
   1.1293938e+03
   6.8583152e+02
   6.4860676e+02
   4.1888248e+02
   3.8091253e+02
   2.4018641e+02
   2.3628179e+02
   1.5628729e+02
   1.3933611e+02
   9.7978826e+01
   8.2988562e+01
   5.9554765e+01
   5.3395679e+01
   3.7243715e+01
   3.6655551e+01
   2.6898515e+01
   2.4139478e+01
   1.8984786e+01
   1.6177857e+01
   1.2765879e+01
   1.1067101e+01
   8.3527020e+00
   6.0568347e+00
   2.6140141e+00
   1.7956726e+00
   3.4580521e-01
   1.8198008e-01
   4.4346541e-02
   1.2418173e-02
   2.3878520e-03
   1.1997875e-03
   1.1209905e-04
   3.8172443e-05
   7.9386735e-06
   1.4040749e-06
   1.0531923e-07
   1.2904241e-08
   8.1100001e-10
   9.1066608e-11
   5.1457282e-12
   1.1110892e-12
   5.5712493e-13
   3.9518337e-13
   3.0751068e-13
   2.8715803e-13
   2.7455748e-13
   2.7332743e-13
   2.3171656e-13
   1.6612603e-13
   1.5729207e-13
   1.4132298e-13
   9.0749748e-14
   8.3214909e-14
   8.2669724e-14
   8.1839188e-14
   7.8923337e-14
   7.8618555e-14
   7.8562331e-14
   7.8423187e-14
   7.7827756e-14
   7.6992544e-14
   7.6824049e-14
   7.6007129e-14
   7.4958817e-14
   7.4785198e-14
   7.4616993e-14
   7.4420659e-14
   7.3899941e-14
   7.3325868e-14
   7.3267193e-14
   7.3033219e-14
   7.2476239e-14
   7.1992987e-14
   7.1880146e-14
   7.1873819e-14
   7.1635888e-14
   7.0539066e-14
   7.0422211e-14
   6.9668083e-14
   6.9360541e-14
   6.8943890e-14
   6.8503486e-14
   6.8390314e-14
   6.7861168e-14
   6.7796881e-14
   6.7729879e-14
   6.7363439e-14
   6.7167057e-14
   6.6967552e-14
   6.6601886e-14
   6.6582933e-14
   6.6365157e-14
   6.6123405e-14
   6.6081671e-14
   6.5703649e-14
   6.5436693e-14
   6.5389761e-14
   6.4948028e-14
   6.4377058e-14
   6.3935007e-14
   6.3889387e-14
   6.3882461e-14
   6.3653592e-14
   6.2727943e-14
   6.2455065e-14
   6.2402147e-14
   6.2346137e-14
   6.2264777e-14
   6.2137105e-14
   6.1861731e-14
   6.1273353e-14
   6.1089359e-14
   6.0960975e-14
   6.0902243e-14
   6.0586429e-14
   6.0533562e-14
   5.9985058e-14
   5.9543855e-14
   5.9092832e-14
   5.9029852e-14
   5.8743807e-14
   5.8456024e-14
   5.8384076e-14
   5.8127256e-14
   5.7960217e-14
   5.7829114e-14
   5.7559969e-14
   5.7397452e-14
   5.7382713e-14
   5.7286593e-14
   5.7167499e-14
   5.6926864e-14
   5.6580771e-14
   5.6544997e-14
   5.6520983e-14
   5.5887791e-14
   5.5714753e-14
   5.5611454e-14
   5.5340118e-14
   5.5125595e-14
   5.5020109e-14
   5.4694433e-14
   5.4506289e-14
   5.4262818e-14
   5.4154111e-14
   5.4025843e-14
   5.3786554e-14
   5.3757929e-14
   5.3410870e-14
   5.3339674e-14
   5.3071167e-14
   5.3003090e-14
   5.2737269e-14
   5.2679223e-14
   5.2345852e-14
   5.2247272e-14
   5.1984173e-14
   5.1903648e-14
   5.1887784e-14
   5.1788611e-14
   5.1082657e-14
   5.0609075e-14
   5.0598861e-14
   5.0007413e-14
   4.9828626e-14
   4.9675419e-14
   4.9395279e-14
   4.9231252e-14
   4.9225704e-14
   4.9097831e-14
   4.8984730e-14
   4.8941453e-14
   4.8556061e-14
   4.8287747e-14
   4.7910724e-14
   4.7581798e-14
   4.7301204e-14
   4.7248762e-14
   4.7147493e-14
   4.7085377e-14
   4.6906938e-14
   4.6882880e-14
   4.6872335e-14
   4.6572890e-14
   4.6556241e-14
   4.6511087e-14
   4.6341528e-14
   4.6232674e-14
   4.5963626e-14
   4.5743448e-14
   4.4849366e-14
   4.4816872e-14
   4.4729560e-14
   4.4722540e-14
   4.4604780e-14
   4.4422786e-14
   4.4328691e-14
   4.4323649e-14
   4.4267537e-14
   4.4234405e-14
   4.3807280e-14
   4.3805050e-14
   4.3480147e-14
   4.3216991e-14
   4.3029548e-14
   4.2990718e-14
   4.2952738e-14
   4.2689343e-14
   4.2292430e-14
   4.1960910e-14
   4.1921201e-14
   4.1916317e-14
   4.1894390e-14
   4.1808328e-14
   4.1378974e-14
   4.1167376e-14
   4.1120484e-14
   4.0984140e-14
   4.0794415e-14
   4.0693946e-14
   4.0640309e-14
   4.0211412e-14
   4.0006432e-14
   3.9909732e-14
   3.9495479e-14
   3.9193767e-14
   3.9185332e-14
   3.9099621e-14
   3.9002703e-14
   3.8641046e-14
   3.8381192e-14
   3.8081567e-14
   3.8053702e-14
   3.7999069e-14
   3.7957092e-14
   3.7847730e-14
   3.7819094e-14
   3.7686194e-14
   3.7518242e-14
   3.7372781e-14
   3.7178471e-14
   3.7093178e-14
   3.7065884e-14
   3.7055213e-14
   3.6585900e-14
   3.6280162e-14
   3.6023871e-14
   3.5936342e-14
   3.5686099e-14
   3.5245995e-14
   3.5035722e-14
   3.5022288e-14
   3.4707650e-14
   3.4601527e-14
   3.4550999e-14
   3.4514530e-14
   3.4426197e-14
   3.4261535e-14
   3.3814283e-14
   3.3773842e-14
   3.3635944e-14
   3.3404484e-14
   3.3368384e-14
   3.2733701e-14
   3.2645085e-14
   3.2527605e-14
   3.2212723e-14
   3.2134254e-14
   3.1976639e-14
   3.1858605e-14
   3.1798283e-14
   3.1624927e-14
   3.1540654e-14
   3.1347327e-14
   3.1278664e-14
   3.1147770e-14
   3.1097369e-14
   3.1049162e-14
   3.0988893e-14
   3.0733994e-14
   3.0614316e-14
   3.0387322e-14
   3.0125884e-14
   2.9853592e-14
   2.9746582e-14
   2.9665513e-14
   2.9637655e-14
   2.9473117e-14
   2.9427791e-14
   2.9415629e-14
   2.9323258e-14
   2.8899001e-14
   2.8861179e-14
   2.8848884e-14
   2.8702946e-14
   2.8408541e-14
   2.8249095e-14
   2.8242580e-14
   2.8084543e-14
   2.7979682e-14
   2.7957516e-14
   2.7633961e-14
   2.7574692e-14
   2.7399435e-14
   2.7288736e-14
   2.6624959e-14
   2.6555763e-14
   2.6387796e-14
   2.6381328e-14
   2.6332696e-14
   2.6292820e-14
   2.6247132e-14
   2.6168439e-14
   2.5970388e-14
   2.5736033e-14
   2.5587043e-14
   2.5538107e-14
   2.5403879e-14
   2.5327939e-14
   2.5146721e-14
   2.4800697e-14
   2.4619747e-14
   2.4470562e-14
   2.4405152e-14
   2.4366519e-14
   2.4168905e-14
   2.4126586e-14
   2.4069668e-14
   2.4003683e-14
   2.3827010e-14
   2.3796340e-14
   2.3753740e-14
   2.3730883e-14
   2.3693103e-14
   2.2952911e-14
   2.2936613e-14
   2.2893022e-14
   2.2886192e-14
   2.2815515e-14
   2.2709568e-14
   2.2113476e-14
   2.2093924e-14
   2.2063189e-14
   2.1997779e-14
   2.1480022e-14
   2.1239632e-14
   2.1114730e-14
   2.0885253e-14
   2.0723631e-14
   2.0648198e-14
   2.0644405e-14
   2.0327752e-14
   2.0265696e-14
   2.0030230e-14
   1.9941105e-14
   1.9939772e-14
   1.9656749e-14
   1.9256698e-14
   1.8653569e-14
   1.8580271e-14
   1.8213494e-14
   1.8189394e-14
   1.8188683e-14
   1.8039880e-14
   1.7749546e-14
   1.7744368e-14
   1.7691514e-14
   1.7623125e-14
   1.7492739e-14
   1.7184779e-14
   1.6967477e-14
   1.6952674e-14
   1.6940943e-14
   1.6846577e-14
   1.6825039e-14
   1.6785004e-14
   1.6435668e-14
   1.6135699e-14
   1.5964825e-14
   1.5860982e-14
   1.5782603e-14
   1.5780103e-14
   1.5583099e-14
   1.5536018e-14
   1.5418178e-14
   1.5107149e-14
   1.4966730e-14
   1.4768839e-14
   1.4712888e-14
   1.4633761e-14
   1.4419124e-14
   1.4324422e-14
   1.3907827e-14
   1.3864907e-14
   1.3850050e-14
   1.3842251e-14
   1.3830888e-14
   1.3806720e-14
   1.3721215e-14
   1.3565645e-14
   1.3494254e-14
   1.3433323e-14
   1.3403484e-14
   1.3398643e-14
   1.3326753e-14
   1.3289279e-14
   1.3172852e-14
   1.3117517e-14
   1.3108436e-14
   1.3035703e-14
   1.3035655e-14
   1.2582670e-14
   1.2543433e-14
   1.2215560e-14
   1.2095504e-14
   1.2044377e-14
   1.1981917e-14
   1.1853730e-14
   1.1830392e-14
   1.1799091e-14
   1.1763616e-14
   1.1633369e-14
   1.1447577e-14
   1.1425379e-14
   1.1275827e-14
   1.1236115e-14
   1.1186281e-14
   1.1107496e-14
   1.0863317e-14
   1.0845767e-14
   1.0702500e-14
   1.0687529e-14
   1.0458426e-14
   9.2671178e-15
   9.2472402e-15
   9.0298652e-15
   8.9124324e-15
   8.9119799e-15
   8.7566296e-15
   8.6449111e-15
   8.5832974e-15
   8.0608431e-15
   8.0158872e-15
   7.9938732e-15
   7.9264097e-15
   7.8318582e-15
   7.7389092e-15
   7.7238331e-15
   7.4165476e-15
   7.4017452e-15
   7.1219833e-15
   6.8800258e-15
   6.8794874e-15
   6.7770781e-15
   6.1876081e-15
   6.0668231e-15
   5.9785602e-15
   5.6136027e-15
   5.2620915e-15
   4.9559268e-15
   4.9525071e-15
   4.8251989e-15
   4.6666164e-15
   4.2572338e-15
   4.0013700e-15
   3.8293218e-15
   3.6331297e-15
   3.5279215e-15
   3.0379357e-15
   1.9849100e-15
   1.7218483e-15
   1.3828725e-15
   1.0697216e-15
   1.0663857e-15
   8.0904237e-16
   7.3044645e-16
   6.1033499e-16
   5.4422388e-16
   4.6789881e-16
   4.4823290e-16
   4.4822187e-16
   4.1874052e-16
   4.1659949e-16
   3.4307830e-16
   3.3785693e-16
   3.2280496e-16
   3.1415455e-16
   2.3517138e-16
   2.0053881e-16
   1.8703682e-16
   1.5268377e-16
   1.2723498e-16
   1.2159551e-16
   1.1263918e-16
   8.8354405e-17
   6.9304182e-17
   1.7262345e-17
   1.2980859e-17
  -1.7271533e-16
  -2.5165234e-16
  -2.6939221e-16
  -3.2009060e-16
  -3.5351849e-16
  -3.7144605e-16
  -3.9532762e-16
  -3.9604465e-16
  -4.4182449e-16
  -4.5941881e-16
  -4.7790105e-16
  -4.8268749e-16
  -4.8904320e-16
  -5.0664667e-16
  -5.2305744e-16
  -5.4270180e-16
  -5.8619717e-16
  -5.8759273e-16
  -5.8872187e-16
  -6.2035358e-16
  -6.2138872e-16
  -6.2492331e-16
  -6.9882926e-16
  -7.0214747e-16
  -7.0815107e-16
  -7.1234055e-16
  -7.9768791e-16
  -8.5438563e-16
  -9.6790851e-16
  -1.0734793e-15
  -1.1109371e-15
  -1.1986551e-15
  -1.4956392e-15
  -2.0917508e-15
  -2.2175581e-15
  -2.5496238e-15
  -2.7159754e-15
  -2.9160805e-15
  -3.2408256e-15
  -3.7941537e-15
  -4.9510887e-15
  -5.0873184e-15
  -5.3355145e-15
  -5.3708523e-15
  -5.4040758e-15
  -5.7776926e-15
  -5.8318466e-15
  -6.0720787e-15
  -6.1633737e-15
  -6.6331766e-15
  -7.5806584e-15
  -7.7085124e-15
  -7.9363908e-15
  -8.2108457e-15
  -8.4093765e-15
  -8.4252294e-15
  -8.4986744e-15
  -8.5115656e-15
  -8.5539679e-15
  -8.6566063e-15
  -8.8739777e-15
  -9.1077402e-15
  -9.1415476e-15
  -9.4235471e-15
  -9.5373389e-15
  -9.6555460e-15
  -9.7249540e-15
  -9.7689095e-15
  -9.8146208e-15
  -9.9654799e-15
  -1.0023365e-14
  -1.0103863e-14
  -1.0200607e-14
  -1.0377589e-14
  -1.0427453e-14
  -1.0603725e-14
  -1.0722455e-14
  -1.0839087e-14
  -1.0908411e-14
  -1.0937129e-14
  -1.1116906e-14
  -1.1121441e-14
  -1.1205629e-14
  -1.1326285e-14
  -1.1518614e-14
  -1.1693925e-14
  -1.2138238e-14
  -1.2381728e-14
  -1.2428133e-14
  -1.2439786e-14
  -1.2733103e-14
  -1.2851534e-14
  -1.2893592e-14
  -1.3073586e-14
  -1.3110731e-14
  -1.3123675e-14
  -1.3214681e-14
  -1.3426056e-14
  -1.3476882e-14
  -1.3589936e-14
  -1.3617757e-14
  -1.3640811e-14
  -1.3808796e-14
  -1.4031180e-14
  -1.4062374e-14
  -1.4139849e-14
  -1.4199027e-14
  -1.4314193e-14
  -1.4317328e-14
  -1.4455327e-14
  -1.4560236e-14
  -1.4591229e-14
  -1.4801496e-14
  -1.4842320e-14
  -1.4961376e-14
  -1.5054849e-14
  -1.5065598e-14
  -1.5150818e-14
  -1.5356816e-14
  -1.5506422e-14
  -1.5544006e-14
  -1.5775566e-14
  -1.5792623e-14
  -1.5795047e-14
  -1.5955939e-14
  -1.6057484e-14
  -1.6140247e-14
  -1.6177374e-14
  -1.6189511e-14
  -1.6199894e-14
  -1.6239257e-14
  -1.6519031e-14
  -1.6730286e-14
  -1.6736416e-14
  -1.7065461e-14
  -1.7216705e-14
  -1.7311627e-14
  -1.7312569e-14
  -1.7506829e-14
  -1.7861572e-14
  -1.7874550e-14
  -1.8066086e-14
  -1.8518380e-14
  -1.8606150e-14
  -1.8758814e-14
  -1.9144888e-14
  -1.9410655e-14
  -1.9437993e-14
  -1.9596834e-14
  -1.9599974e-14
  -1.9625629e-14
  -2.0029737e-14
  -2.0047374e-14
  -2.0049961e-14
  -2.0056712e-14
  -2.0327563e-14
  -2.0329911e-14
  -2.0864727e-14
  -2.0895315e-14
  -2.0948105e-14
  -2.1242612e-14
  -2.1394314e-14
  -2.1540375e-14
  -2.2249163e-14
  -2.2429349e-14
  -2.2546760e-14
  -2.2568175e-14
  -2.2679103e-14
  -2.2840685e-14
  -2.3337463e-14
  -2.3415712e-14
  -2.3418263e-14
  -2.3457634e-14
  -2.3759167e-14
  -2.3760184e-14
  -2.3828953e-14
  -2.4159138e-14
  -2.4313991e-14
  -2.4470129e-14
  -2.4515269e-14
  -2.4644245e-14
  -2.4659725e-14
  -2.4832851e-14
  -2.4860951e-14
  -2.5208618e-14
  -2.5427583e-14
  -2.5462121e-14
  -2.5544081e-14
  -2.5601632e-14
  -2.5718019e-14
  -2.5741850e-14
  -2.5923026e-14
  -2.5991625e-14
  -2.6032126e-14
  -2.6166508e-14
  -2.6197874e-14
  -2.6355239e-14
  -2.6580522e-14
  -2.6687288e-14
  -2.6808612e-14
  -2.6818711e-14
  -2.6891396e-14
  -2.7004714e-14
  -2.7038619e-14
  -2.7292539e-14
  -2.7408717e-14
  -2.7468043e-14
  -2.7911039e-14
  -2.7953539e-14
  -2.8015303e-14
  -2.8172615e-14
  -2.8214353e-14
  -2.8325690e-14
  -2.8440047e-14
  -2.8703032e-14
  -2.8787532e-14
  -2.8876104e-14
  -2.9146612e-14
  -2.9318095e-14
  -2.9455487e-14
  -2.9456812e-14
  -2.9485020e-14
  -2.9503608e-14
  -2.9589810e-14
  -2.9719525e-14
  -2.9808842e-14
  -3.0164488e-14
  -3.0451622e-14
  -3.0659211e-14
  -3.0742300e-14
  -3.0798149e-14
  -3.0809168e-14
  -3.0921701e-14
  -3.1035172e-14
  -3.1136439e-14
  -3.1138219e-14
  -3.1159690e-14
  -3.1159850e-14
  -3.1181430e-14
  -3.1424911e-14
  -3.1664834e-14
  -3.1680104e-14
  -3.1761815e-14
  -3.2541349e-14
  -3.2638746e-14
  -3.2872800e-14
  -3.3104531e-14
  -3.3270945e-14
  -3.3924160e-14
  -3.4083109e-14
  -3.4161417e-14
  -3.4225390e-14
  -3.4246264e-14
  -3.4277143e-14
  -3.4338683e-14
  -3.4345726e-14
  -3.4410413e-14
  -3.4737702e-14
  -3.4875748e-14
  -3.5043675e-14
  -3.5278322e-14
  -3.5535045e-14
  -3.5640902e-14
  -3.5813095e-14
  -3.6194116e-14
  -3.6223015e-14
  -3.6355742e-14
  -3.6464673e-14
  -3.6575389e-14
  -3.6800030e-14
  -3.6979926e-14
  -3.7029780e-14
  -3.7150438e-14
  -3.7204786e-14
  -3.7421715e-14
  -3.7629993e-14
  -3.8264417e-14
  -3.8503795e-14
  -3.8593457e-14
  -3.8669814e-14
  -3.8776182e-14
  -3.8791108e-14
  -3.8997992e-14
  -3.9007898e-14
  -3.9391635e-14
  -3.9477103e-14
  -3.9527099e-14
  -3.9634713e-14
  -3.9898918e-14
  -3.9902211e-14
  -4.0195989e-14
  -4.0209813e-14
  -4.0297162e-14
  -4.0354635e-14
  -4.0519238e-14
  -4.0587588e-14
  -4.0724319e-14
  -4.0872758e-14
  -4.0932761e-14
  -4.0982444e-14
  -4.1377048e-14
  -4.1476133e-14
  -4.1630696e-14
  -4.1722938e-14
  -4.1828138e-14
  -4.1836790e-14
  -4.2202962e-14
  -4.2354328e-14
  -4.2583278e-14
  -4.2926750e-14
  -4.2928011e-14
  -4.3076516e-14
  -4.3114083e-14
  -4.3225486e-14
  -4.3394303e-14
  -4.3640786e-14
  -4.3988151e-14
  -4.4056964e-14
  -4.4122140e-14
  -4.4352276e-14
  -4.4419648e-14
  -4.4433575e-14
  -4.4481740e-14
  -4.4600919e-14
  -4.4692700e-14
  -4.4995581e-14
  -4.5040236e-14
  -4.5064432e-14
  -4.5480530e-14
  -4.5772394e-14
  -4.5912791e-14
  -4.5937783e-14
  -4.5966098e-14
  -4.6221979e-14
  -4.6272228e-14
  -4.6305531e-14
  -4.6475782e-14
  -4.6573696e-14
  -4.6824844e-14
  -4.6868096e-14
  -4.6910869e-14
  -4.7277279e-14
  -4.7347464e-14
  -4.7432591e-14
  -4.7474729e-14
  -4.7993191e-14
  -4.8326080e-14
  -4.8459582e-14
  -4.8501100e-14
  -4.8527889e-14
  -4.8659140e-14
  -4.8666729e-14
  -4.9026879e-14
  -4.9159396e-14
  -4.9297283e-14
  -4.9306189e-14
  -4.9369288e-14
  -4.9976918e-14
  -5.0188198e-14
  -5.0286277e-14
  -5.0348560e-14
  -5.0422580e-14
  -5.0487559e-14
  -5.0497876e-14
  -5.0996562e-14
  -5.1023587e-14
  -5.1167922e-14
  -5.1494780e-14
  -5.1738498e-14
  -5.1821502e-14
  -5.1880052e-14
  -5.2002946e-14
  -5.2097974e-14
  -5.2324188e-14
  -5.2353288e-14
  -5.2667407e-14
  -5.2805673e-14
  -5.2994383e-14
  -5.3027184e-14
  -5.3047537e-14
  -5.3190344e-14
  -5.3314940e-14
  -5.3445570e-14
  -5.3450408e-14
  -5.3456926e-14
  -5.3759905e-14
  -5.3966497e-14
  -5.4458651e-14
  -5.4471979e-14
  -5.4751630e-14
  -5.4774047e-14
  -5.4972893e-14
  -5.5572439e-14
  -5.5589977e-14
  -5.5957126e-14
  -5.6050741e-14
  -5.6054966e-14
  -5.6462756e-14
  -5.6767850e-14
  -5.7012473e-14
  -5.7057415e-14
  -5.7373161e-14
  -5.7440533e-14
  -5.7596729e-14
  -5.7769722e-14
  -5.7848058e-14
  -5.8181575e-14
  -5.8218108e-14
  -5.8313507e-14
  -5.8319176e-14
  -5.8378607e-14
  -5.8476925e-14
  -5.8491822e-14
  -5.8621227e-14
  -5.8634413e-14
  -5.9012452e-14
  -5.9132829e-14
  -5.9814176e-14
  -5.9897190e-14
  -6.0048131e-14
  -6.0163754e-14
  -6.0278187e-14
  -6.0317819e-14
  -6.0904566e-14
  -6.1183968e-14
  -6.1268051e-14
  -6.1292909e-14
  -6.1762285e-14
  -6.2112540e-14
  -6.2167023e-14
  -6.2168935e-14
  -6.3017787e-14
  -6.3107489e-14
  -6.3381969e-14
  -6.3383576e-14
  -6.4110133e-14
  -6.4124071e-14
  -6.4238470e-14
  -6.4294963e-14
  -6.4372066e-14
  -6.4487858e-14
  -6.4562675e-14
  -6.4911514e-14
  -6.4979741e-14
  -6.5337730e-14
  -6.5350700e-14
  -6.5365622e-14
  -6.5654338e-14
  -6.6016845e-14
  -6.6157372e-14
  -6.7001683e-14
  -6.7179861e-14
  -6.7279229e-14
  -6.7334580e-14
  -6.7338157e-14
  -6.7340239e-14
  -6.7541662e-14
  -6.7545463e-14
  -6.7971206e-14
  -6.8460070e-14
  -6.8531058e-14
  -6.8542203e-14
  -6.8588259e-14
  -6.8957941e-14
  -6.9014732e-14
  -6.9080875e-14
  -7.0061537e-14
  -7.0122053e-14
  -7.0532948e-14
  -7.1005557e-14
  -7.1096903e-14
  -7.1399813e-14
  -7.1412197e-14
  -7.1701119e-14
  -7.2338471e-14
  -7.2453833e-14
  -7.2490125e-14
  -7.2669925e-14
  -7.2839209e-14
  -7.2887023e-14
  -7.3706147e-14
  -7.4049647e-14
  -7.4294915e-14
  -7.4427672e-14
  -7.4808394e-14
  -7.4945484e-14
  -7.4973823e-14
  -7.5029598e-14
  -7.5514733e-14
  -7.6115507e-14
  -7.6387117e-14
  -7.6410123e-14
  -7.7143145e-14
  -7.7269233e-14
  -7.7517216e-14
  -7.8408703e-14
  -7.8431841e-14
  -7.8866396e-14
  -7.9117698e-14
  -7.9221594e-14
  -7.9614704e-14
  -7.9934613e-14
  -8.0150896e-14
  -8.0693834e-14
  -8.0841035e-14
  -8.1375501e-14
  -8.1410306e-14
  -8.2517657e-14
  -8.2794805e-14
  -8.5449252e-14
  -8.5570956e-14
  -9.4368963e-14
  -1.0160633e-13
  -1.3366447e-13
  -1.6242862e-13
  -1.9372341e-13
  -2.0265063e-13
  -2.2072002e-13
  -2.3600203e-13
  -3.0891879e-13
  -4.4062606e-13
  -5.6357871e-13
  -7.8399278e-13
